**** Calibrating ****
mono pinhole calibration...
D = [0.17293458472649417, -0.2998847649678064, -0.00018602629146098466, 0.001425525529396718, 0.0]
K = [506.4967347000561, 0.0, 320.0629417735544, 0.0, 506.72900264603385, 253.62556924070867, 0.0, 0.0, 1.0]
R = [1.0, 0.0, 0.0, 0.0, 1.0, 0.0, 0.0, 0.0, 1.0]
P = [516.9603271484375, 0.0, 320.42872766235814, 0.0, 0.0, 518.5794067382812, 253.09656577748683, 0.0, 0.0, 0.0, 1.0, 0.0]
None
# oST version 5.0 parameters
